Serial Capture Session - 2025-10-20 22:49:24.235
Software: COM7, Machine: COM15, Initial Baud: 57600

*** Forwarding ENABLED - 'R' received from Software ***
RF? --> Acknowledged
TrMEYQ --> Acknowledged
WFFFED000A1? --> Write 00A1 to FFFED0
RFFFED0 -->
   ASCII: .....@.....c....................
   HEX: 00 02 00 00 00 40 00 00 00 83 00 63 00 00 00 00 00 00 00 00 00 00 00 00 03 00 00 01 A0 00 00 00
RF? --> Acknowledged
W0201DC05? --> Write 05 to 0201DC
W0201E100? --> Write 00 to 0201E1
WFFFED00031? --> Write 0031 to FFFED0
RFFFED0 -->
   ASCII: .....@.....c................0...
   HEX: 00 02 00 00 00 40 00 00 00 83 00 63 00 00 00 00 00 00 00 00 00 00 00 00 03 00 00 01 30 00 00 00
WFFFED00021? --> Write 0021 to FFFED0
RFFFED0 -->
   ASCII: .....@.....c................ ...
   HEX: 00 02 00 00 00 40 00 00 00 83 00 63 00 00 00 00 00 00 00 00 00 00 00 00 03 00 00 01 20 00 00 00
R024080 -->
   ASCII: -...............................
   HEX: 2D 00 00 00 00 00 00 00 00 00 00 00 00 00 00 00 00 00 00 00 00 00 00 00 00 00 00 00 00 90 8F 93
R024480 -->
   ASCII: ...>............................
   HEX: 01 00 09 3E FF 00 00 00 00 00 00 00 00 00 00 00 00 00 00 00 00 00 00 00 00 00 00 00 00 00 00 00
R024DE6 -->
   ASCII: ................................
   HEX: 00 00 00 00 00 00 00 00 00 00 00 00 00 00 00 00 00 00 00 00 00 00 00 00 00 00 00 00 00 00 00 00
N024E06 -->
   ASCII: ....................................................................................................................................... ......................................|.8......<.p......8.`?........7........w.....................>........<........<..
   HEX: 00 00 00 00 00 00 00 00 00 00 00 00 00 00 00 00 00 00 00 00 00 00 00 00 00 00 00 00 00 00 00 00 00 00 00 00 00 00 00 00 00 00 00 00 00 00 00 00 00 00 00 00 00 00 00 00 00 00 00 00 00 00 00 00 00 00 00 00 00 00 00 00 00 00 00 00 00 00 00 00 00 00 00 00 00 00 00 00 00 00 00 00 00 00 00 00 00 00 00 00 00 00 00 00 00 00 00 00 00 00 00 00 00 00 00 00 00 00 00 00 00 00 00 00 00 00 00 00 00 00 00 00 00 00 00 20 00 00 00 00 00 3F 3F 01 3F 00 03 3F 00 07 3F 3F 1F 3F 00 1F 3F 00 0F 3F 3F 3F 3F 3F 7F 3F 00 1F 3F 3F 3F 3F 3F 3F 7C 00 38 1F 3F 3F 3F 3F 3F 3C 00 70 1F 3F 3F 3F 3F 3F 38 00 60 3F 3F 03 3F 3F 3F 18 00 3F 37 3F 07 3F 3F 00 10 00 3F 77 3F 07 3F 3F 00 00 00 3F 3F 1E 07 3F 1E 00 00 00 3F 3F 1E 0F 1E 3E 00 00 00 3F 3F 1E 0F 3F 3C 00 00 00 3F 3F 1E 0F 3F 3C 00 00
N024F06 -->
   ASCII: .....................................8..<.....p..<.....p..x.>. ....p.>.......<...?........?........<............................................................................................................................................................
   HEX: 00 07 0F 1C 0F 1F 3F 00 00 00 0F 3F 00 1E 0F 3F 00 00 00 0F 3F 00 1E 07 3F 00 00 00 1F 3F 00 1E 07 3F 00 00 00 38 0F 00 3C 07 3F 00 00 00 70 1F 00 3C 07 3F 00 00 00 70 1E 00 78 0F 3E 00 20 01 3F 1E 00 70 1E 3E 00 3F 1F 3F 1F 3F 3F 3C 1F 07 3F 3F 3F 1F 3F 3F 3F 1F 3F 3F 3F 00 1F 3F 3F 3F 0F 3F 00 3C 00 08 00 00 00 00 00 00 00 00 00 00 00 00 00 00 00 00 00 00 00 00 00 00 00 00 00 00 00 00 00 00 00 00 00 00 00 00 00 00 00 00 00 00 00 00 00 00 00 00 00 00 00 00 00 00 00 00 00 00 00 00 00 00 00 00 00 00 00 00 00 00 00 00 00 00 00 00 00 00 00 00 00 00 00 00 00 00 00 00 00 00 00 00 00 00 00 00 00 00 00 00 00 00 00 00 00 00 00 00 00 00 00 00 00 00 00 00 00 00 00 00 00 00 00 00 00 00 00 00 00 00 00 00 00 00 00 00 00 00 00 00 00 00 00 00 00 00 00 00 00 00 00 00 00 00
R025006 -->
   ASCII: ................................
   HEX: 00 00 00 00 00 00 00 00 00 00 00 00 00 00 00 00 00 00 00 00 00 00 00 00 00 00 00 00 00 00 00 00
L024DE600022E --> 00004B61
WFFFED00101? --> Write 0101 to FFFED0
RFFFED0 -->
   ASCII: .....@.....c....................
   HEX: 00 00 00 00 00 40 00 00 00 83 00 63 00 00 00 00 00 00 00 00 00 00 00 00 FF 00 00 01 00 00 00 00
RF? --> Acknowledged

Session Ended - 2025-10-20 22:49:46.423
