Serial Capture Session Started - 2025-10-18 15:01:22.233
Software: COM7, Machine: COM15, Initial Baud: 57600
================================================================================

*** Forwarding ENABLED - 'R' received from Software ***
[15:01:26.268] >> RF?
[15:01:26.268] << Acknowledged

[15:01:26.304] >> R57FF80
[15:01:26.304] << Response: B4A5000020DF002B797D03700FCE0C08535332FF0370FFFFFFFFFFFFFFFFFFFF

[15:01:27.483] >> TrMEYQ
[15:01:27.483] << Confirmed: O

[15:01:28.073] >> R200100
[15:01:28.073] << Response: 53524D5630332E30312000467269747A204765676175662041470D004F637420

[15:01:28.104] >> R024004
[15:01:28.104] << Response: 00FFFED4000203FC000282AE00020422000201DC0002408000FFFEE400020424

[15:01:28.135] >> RFFFED9
[15:01:28.135] << Response: 8300330000000000000000000000000200000100000000000000000000000000

[15:01:30.503] >> RF?
[15:01:30.503] << Acknowledged

[15:01:30.540] >> R024040
[15:01:30.540] << Response: 000206A000020764000000000000000000000000000000000000000000000000

[15:01:31.287] >> R0206A0
[15:01:31.287] << Response: 1D1B2A0380002C070200000305000000FFFFFF00FC6000000000000000000000

[15:01:31.340] >> WFFFED000A1?
[15:01:31.340] << Write acknowledged

[15:01:31.866] >> RFFFED0
[15:01:31.866] << Response: 00020000004000000083006300000000000000000000000003000001A0000000

[15:01:34.579] >> RF?
[15:01:34.579] << Acknowledged

[15:01:34.624] >> W0201DC01?
[15:01:34.624] << Write acknowledged

[15:01:34.652] >> W0201E100?
[15:01:34.652] << Write acknowledged

[15:01:34.685] >> WFFFED00031?
[15:01:34.685] << Write acknowledged

[15:01:35.208] >> RFFFED0
[15:01:35.208] << Response: 0002000000400000008300630000000000000000000000000300000130000000

[15:01:35.254] >> WFFFED00021?
[15:01:35.254] << Write acknowledged

[15:01:35.779] >> RFFFED0
[15:01:35.779] << Response: 0002000000400000008300630000000000000000000000000300000120000000

[15:01:35.811] >> R024080
[15:01:35.811] << Response: 2D00000000000000000000000000000000000000000000000000000000908F93

[15:01:35.844] >> R024004
[15:01:35.844] << Response: 00FFFED4000203FC000282AE00020422000201DC0002408000FFFEE400020424

[15:01:35.876] >> RFFFEDB
[15:01:35.876] << Response: 6300000000000000000000000003000001200000000000000000000000000000

[15:01:35.918] >> W0201E100?
[15:01:35.918] << Write acknowledged

[15:01:35.937] >> R0240B9
[15:01:35.937] << Response: ACACACACACACACA4A4A4A4A4A4A4A4A4A4A4A4A4A4A4A4A4A4A4A40044726966

[15:01:35.969] >> R0240D5
[15:01:35.969] << Response: 4472696674657276343552657636000000000000000000000000000000000000

[15:01:36.033] >> N0240F5
[15:01:36.033] << Response (256 bytes):
   ASCII: LisaV45Rev8.....................BlackBoardv45Rev61..............SwissBlock v45 rev6a............Zurichv45rev6a..................ALICE v6m Rev5 Firmware v3......BAMBOO v6m Rev8 Firmware v3.....Lg5060..........................Cs021...........................
   HEX: 4C 69 73 61 56 34 35 52 65 76 38 00 00 00 00 00 00 00 00 00 00 00 00 00 00 00 00 00 00 00 00 00 42 6C 61 63 6B 42 6F 61 72 64 76 34 35 52 65 76 36 31 00 00 00 00 00 00 00 00 00 00 00 00 00 00 53 77 69 73 73 42 6C 6F 63 6B 20 76 34 35 20 72 65 76 36 61 00 00 00 00 00 00 00 00 00 00 00 00 5A 75 72 69 63 68 76 34 35 72 65 76 36 61 00 00 00 00 00 00 00 00 00 00 00 00 00 00 00 00 00 00 41 4C 49 43 45 20 76 36 6D 20 52 65 76 35 20 46 69 72 6D 77 61 72 65 20 76 33 00 00 00 00 00 00 42 41 4D 42 4F 4F 20 76 36 6D 20 52 65 76 38 20 46 69 72 6D 77 61 72 65 20 76 33 00 00 00 00 00 4C 67 35 30 36 30 00 00 00 00 00 00 00 00 00 00 00 00 00 00 00 00 00 00 00 00 00 00 00 00 00 00 43 73 30 32 31 00 00 00 00 00 00 00 00 00 00 00 00 00 00 00 00 00 00 00 00 00 00 00 00 00 00 00

[15:01:39.656] >> RF?
[15:01:39.656] << Acknowledged

[15:01:39.693] >> N0241F5
[15:01:39.693] << Response (256 bytes):
   ASCII: Fl081...........................Nv772...........................Nv722...........................Nv799...........................Bd130...........................Bd115v2.........................Cr070...........................Cr060...........................
   HEX: 46 6C 30 38 31 00 00 00 00 00 00 00 00 00 00 00 00 00 00 00 00 00 00 00 00 00 00 00 00 00 00 00 4E 76 37 37 32 00 00 00 00 00 00 00 00 00 00 00 00 00 00 00 00 00 00 00 00 00 00 00 00 00 00 00 4E 76 37 32 32 00 00 00 00 00 00 00 00 00 00 00 00 00 00 00 00 00 00 00 00 00 00 00 00 00 00 00 4E 76 37 39 39 00 00 00 00 00 00 00 00 00 00 00 00 00 00 00 00 00 00 00 00 00 00 00 00 00 00 00 42 64 31 33 30 00 00 00 00 00 00 00 00 00 00 00 00 00 00 00 00 00 00 00 00 00 00 00 00 00 00 00 42 64 31 31 35 76 32 00 00 00 00 00 00 00 00 00 00 00 00 00 00 00 00 00 00 00 00 00 00 00 00 00 43 72 30 37 30 00 00 00 00 00 00 00 00 00 00 00 00 00 00 00 00 00 00 00 00 00 00 00 00 00 00 00 43 72 30 36 30 00 00 00 00 00 00 00 00 00 00 00 00 00 00 00 00 00 00 00 00 00 00 00 00 00 00 00

[15:01:39.820] >> N0242F5
[15:01:39.820] << Response (256 bytes):
   ASCII: Nv850...........................Nv810...........................935125..........................965080..........................19V2Rose-Spray..................Me028...........................flower 2172.....................Me009...........................
   HEX: 4E 76 38 35 30 00 00 00 00 00 00 00 00 00 00 00 00 00 00 00 00 00 00 00 00 00 00 00 00 00 00 00 4E 76 38 31 30 00 00 00 00 00 00 00 00 00 00 00 00 00 00 00 00 00 00 00 00 00 00 00 00 00 00 00 39 33 35 31 32 35 00 00 00 00 00 00 00 00 00 00 00 00 00 00 00 00 00 00 00 00 00 00 00 00 00 00 39 36 35 30 38 30 00 00 00 00 00 00 00 00 00 00 00 00 00 00 00 00 00 00 00 00 00 00 00 00 00 00 31 39 56 32 52 6F 73 65 2D 53 70 72 61 79 00 00 00 00 00 00 00 00 00 00 00 00 00 00 00 00 00 00 4D 65 30 32 38 00 00 00 00 00 00 00 00 00 00 00 00 00 00 00 00 00 00 00 00 00 00 00 00 00 00 00 66 6C 6F 77 65 72 20 32 31 37 32 00 00 00 00 00 00 00 00 00 00 00 00 00 00 00 00 00 00 00 00 00 4D 65 30 30 39 00 00 00 00 00 00 00 00 00 00 00 00 00 00 00 00 00 00 00 00 00 00 00 00 00 00 00

[15:01:39.954] >> R0243F5
[15:01:39.954] << Response: 3938353038390000000000000000000000000000000000000000000000000000

[15:01:39.987] >> R024415
[15:01:39.987] << Response: 706D303038000000000000000000000000000000000000000000000000000000

[15:01:40.037] >> L0240D5000360
[15:01:40.037] << Response: 00004CC9

[15:01:40.070] >> W0201E101?
[15:01:40.070] << Write acknowledged

[15:01:40.102] >> WFFFED00061?
[15:01:40.102] << Write acknowledged

[15:01:40.433] >> RFFFED0
[15:01:40.433] << Response: 0002000000400000008300630000000000000000000000000300000160000000

[15:01:40.466] >> R0240B9
[15:01:40.466] << Response: A4A4A4A4A4A4A4A4A4A4A4A4A4A4A4868686A4A4A4A4A4A4A4A4A40052633239

[15:01:40.498] >> R0240D5
[15:01:40.498] << Response: 5263323938763200000000000000000000000000000000000000000000000000

[15:01:40.531] >> N0240F5
[15:01:40.531] << Response (256 bytes):
   ASCII: 10FanLG.........................Nv735...........................V2EmbScissLG....................dm27 ...........................me014...........................995183..........................Sp362...........................Sp533...........................
   HEX: 31 30 46 61 6E 4C 47 00 00 00 00 00 00 00 00 00 00 00 00 00 00 00 00 00 00 00 00 00 00 00 00 00 4E 76 37 33 35 00 00 00 00 00 00 00 00 00 00 00 00 00 00 00 00 00 00 00 00 00 00 00 00 00 00 00 56 32 45 6D 62 53 63 69 73 73 4C 47 00 00 00 00 00 00 00 00 00 00 00 00 00 00 00 00 00 00 00 00 64 6D 32 37 20 00 00 00 00 00 00 00 00 00 00 00 00 00 00 00 00 00 00 00 00 00 00 00 00 00 00 00 6D 65 30 31 34 00 00 00 00 00 00 00 00 00 00 00 00 00 00 00 00 00 00 00 00 00 00 00 00 00 00 00 39 39 35 31 38 33 00 00 00 00 00 00 00 00 00 00 00 00 00 00 00 00 00 00 00 00 00 00 00 00 00 00 53 70 33 36 32 00 00 00 00 00 00 00 00 00 00 00 00 00 00 00 00 00 00 00 00 00 00 00 00 00 00 00 53 70 35 33 33 00 00 00 00 00 00 00 00 00 00 00 00 00 00 00 00 00 00 00 00 00 00 00 00 00 00 00

[15:01:42.458] >> N0241F5
[15:01:42.458] << Response (256 bytes):
   ASCII: Wl318...........................Wm244...........................lb109...........................Fl572...........................Wl998...........................EPB35...........................Cr070...........................Cr060...........................
   HEX: 57 6C 33 31 38 00 00 00 00 00 00 00 00 00 00 00 00 00 00 00 00 00 00 00 00 00 00 00 00 00 00 00 57 6D 32 34 34 00 00 00 00 00 00 00 00 00 00 00 00 00 00 00 00 00 00 00 00 00 00 00 00 00 00 00 6C 62 31 30 39 00 00 00 00 00 00 00 00 00 00 00 00 00 00 00 00 00 00 00 00 00 00 00 00 00 00 00 46 6C 35 37 32 00 00 00 00 00 00 00 00 00 00 00 00 00 00 00 00 00 00 00 00 00 00 00 00 00 00 00 57 6C 39 39 38 00 00 00 00 00 00 00 00 00 00 00 00 00 00 00 00 00 00 00 00 00 00 00 00 00 00 00 45 50 42 33 35 00 00 00 00 00 00 00 00 00 00 00 00 00 00 00 00 00 00 00 00 00 00 00 00 00 00 00 43 72 30 37 30 00 00 00 00 00 00 00 00 00 00 00 00 00 00 00 00 00 00 00 00 00 00 00 00 00 00 00 43 72 30 36 30 00 00 00 00 00 00 00 00 00 00 00 00 00 00 00 00 00 00 00 00 00 00 00 00 00 00 00

[15:01:46.255] >> RF?
[15:01:46.255] << Acknowledged

[15:01:46.293] >> R0242F5
[15:01:46.293] << Response: 4E76383530000000000000000000000000000000000000000000000000000000

[15:01:46.343] >> L0240D5000240
[15:01:46.343] << Response: 00001C79

[15:01:46.367] >> R024040
[15:01:46.367] << Response: 000206A000020764000000000000000000000000000000000000000000000000

[15:01:46.400] >> R0206A0
[15:01:46.400] << Response: 1D1B2A0300002C070200000305000000FFFFFF00FC6000000000000000000000

[15:01:46.447] >> WFFFED00101?
[15:01:46.447] << Write acknowledged

[15:01:46.467] >> RFFFED0
[15:01:46.467] << Response: 000000000040000000830063000000000000000000000000FF00000100000000


================================================================================
Session Ended - 2025-10-18 15:02:04.828
