Serial Capture Session - 2025-10-20 23:05:35.805
Software: COM7, Machine: COM15, Initial Baud: 57600

*** Forwarding ENABLED - 'R' received from Software ***
RF? --> Acknowledged
TrMEYQ --> Acknowledged
WFFFED000A1? --> Write 00A1 to FFFED0
RFFFED0 -->
   ASCII: .....@.....c....................
   HEX: 00 02 00 00 00 40 00 00 00 83 00 63 00 00 00 00 00 00 00 00 00 00 00 00 03 00 00 01 A0 00 00 00
W0201DC1C? --> Write 1C to 0201DC
W0201E101? --> Write 01 to 0201E1
WFFFED00061? --> Write 0061 to FFFED0
RFFFED0 -->
   ASCII: .....@.....c................`...
   HEX: 00 02 00 00 00 40 00 00 00 83 00 63 00 00 00 00 00 00 00 00 00 00 00 00 03 00 00 01 60 00 00 00
WFFFED00021? --> Write 0021 to FFFED0
RFFFED0 -->
   ASCII: .....@.....c................ ...
   HEX: 00 02 00 00 00 40 00 00 00 83 00 63 00 00 00 00 00 00 00 00 00 00 00 00 03 00 00 01 20 00 00 00
R024080 -->
   ASCII: -...............................
   HEX: 2D 00 00 00 00 00 00 00 00 00 00 00 00 00 00 00 00 00 00 00 00 00 00 00 00 00 00 00 00 90 8F 93
R024480 -->
   ASCII: ...>............................
   HEX: 01 00 09 3E FF 00 00 00 00 00 00 00 00 00 00 00 00 00 00 00 00 00 00 00 00 00 00 00 00 00 00 00
RF? --> Acknowledged
R024480 -->
   ASCII: ...>............................
   HEX: 01 00 09 3E FF 00 00 00 00 00 00 00 00 00 00 00 00 00 00 00 00 00 00 00 00 00 00 00 00 00 00 00
R02452E -->
   ASCII: ................................
   HEX: 00 00 00 00 00 00 00 00 00 00 00 00 00 00 00 00 00 00 00 00 00 01 FC 00 00 00 00 00 00 00 02 EE
N02454E -->
   ASCII: ...................................o ................................... ............... ........@{............................................< ......@x....... ..................................... ............................................ ...... .....
   HEX: 00 00 00 00 00 00 00 07 3F 00 00 00 00 00 00 00 09 3F 3F 00 00 00 00 00 00 10 3F 3F 00 00 00 00 00 00 10 6F 20 00 00 00 00 00 00 10 3F 10 00 00 00 00 00 00 19 3F 08 00 00 00 00 00 00 1F 3F 10 00 00 00 00 00 00 1A 3F 20 00 00 00 00 00 00 1F 3F 3F 00 00 00 00 00 00 20 3F 3F 00 00 00 00 00 00 40 7B 3F 00 00 00 00 00 00 3F 2E 3F 00 00 00 00 00 00 3F 1B 3F 00 00 00 00 00 00 3F 0E 3F 00 00 00 00 00 00 3F 1F 3F 00 00 00 00 00 00 3F 3C 20 00 00 00 00 00 00 40 78 18 00 00 00 00 00 00 20 3F 04 00 00 00 00 00 00 1F 3F 02 00 00 00 00 00 00 1E 3F 04 00 00 00 00 00 00 1B 3F 18 00 00 00 00 00 00 1E 3F 20 00 00 00 00 00 00 1B 3F 3F 00 00 00 00 00 00 1E 3F 3F 00 00 00 00 00 00 1B 3F 3F 00 00 00 00 00 00 1F 3F 3F 00 00 00 00 00 00 11 3F 20 00 00 00 00 00 00 20 3F 10 00 00 00
N02464E -->
   ASCII: ...@z.......@........@{ ...... .......................................................@........0.................0........@...................................................!........ ........!.@........ ........@...........................................
   HEX: 00 00 00 40 7A 08 00 00 00 00 00 00 40 2E 10 00 00 00 00 00 00 40 7B 20 00 00 00 00 00 00 20 3F 3F 00 00 00 00 00 00 11 3F 3F 00 00 00 00 00 00 1F 3F 3F 00 00 00 00 00 00 1B 3F 3F 00 00 00 00 00 00 1F 01 3F 00 00 00 00 00 00 1A 00 3F 00 00 00 00 00 00 1C 00 40 00 00 00 00 00 00 18 00 30 00 00 00 00 00 00 18 00 08 00 00 00 00 00 00 18 00 30 00 00 00 00 00 00 1C 00 40 00 00 00 00 00 00 1E 00 3F 00 00 00 00 00 00 1B 01 3F 00 00 00 00 00 00 1F 3F 3F 00 00 00 00 00 00 1E 3F 3F 00 00 00 00 00 00 13 3F 3F 00 00 00 00 00 00 21 3F 3F 00 00 00 00 00 00 20 3F 3F 00 00 00 00 00 00 21 3F 40 00 00 00 00 00 00 13 3F 20 00 00 00 00 00 00 1F 3F 40 00 00 00 00 00 00 1E 3F 3F 00 00 00 00 00 00 0F 3F 3F 00 00 00 00 00 00 06 3F 00 00 00 00 00 00 00 03 3F 00 00 00 00 00 00 00 01
R02474E -->
   ASCII: ................................
   HEX: FC 00 00 00 00 00 00 00 00 00 00 00 00 00 00 00 00 00 00 00 00 00 00 00 00 00 00 00 00 00 00 00
L02452E00022E --> 00004303
WFFFED00101? --> Write 0101 to FFFED0
RFFFED0 -->
   ASCII: .....@.....c....................
   HEX: 00 00 00 00 00 40 00 00 00 83 00 63 00 00 00 00 00 00 00 00 00 00 00 00 FF 00 00 01 00 00 00 00

Session Ended - 2025-10-20 23:05:58.449
