Serial Capture Session - 2025-10-20 22:47:27.233
Software: COM7, Machine: COM15, Initial Baud: 57600

*** Forwarding ENABLED - 'R' received from Software ***
RF? --> Acknowledged
TrMEYQ --> Acknowledged
WFFFED000A1? --> Write 00A1 to FFFED0
RFFFED0 -->
   ASCII: .....@.....c....................
   HEX: 00 02 00 00 00 40 00 00 00 83 00 63 00 00 00 00 00 00 00 00 00 00 00 00 03 00 00 01 A0 00 00 00
W0201DC02? --> Write 02 to 0201DC
W0201E100? --> Write 00 to 0201E1
WFFFED00031? --> Write 0031 to FFFED0
RFFFED0 -->
   ASCII: .....@.....c................0...
   HEX: 00 02 00 00 00 40 00 00 00 83 00 63 00 00 00 00 00 00 00 00 00 00 00 00 03 00 00 01 30 00 00 00
WFFFED00021? --> Write 0021 to FFFED0
RFFFED0 -->
   ASCII: .....@.....c................ ...
   HEX: 00 02 00 00 00 40 00 00 00 83 00 63 00 00 00 00 00 00 00 00 00 00 00 00 03 00 00 01 20 00 00 00
R024080 -->
   ASCII: -...............................
   HEX: 2D 00 00 00 00 00 00 00 00 00 00 00 00 00 00 00 00 00 00 00 00 00 00 00 00 00 00 00 00 90 8F 93
R024480 -->
   ASCII: ...>............................
   HEX: 01 00 09 3E FF 00 00 00 00 00 00 00 00 00 00 00 00 00 00 00 00 00 00 00 00 00 00 00 00 00 00 00
R02475C -->
   ASCII: ................................
   HEX: 00 00 00 00 00 00 00 00 00 00 00 00 00 00 00 00 00 00 00 00 00 00 00 00 00 00 00 00 00 00 00 00
RF? --> Acknowledged
N02477C -->
   ASCII: ..............................................................................................................................................0.|......x..................~=.~......<........8........x........y........y...........8........8........x.........
   HEX: 00 00 00 00 00 00 00 00 00 00 00 00 00 00 00 00 00 00 00 00 00 00 00 00 00 00 00 00 00 00 00 00 00 00 00 00 00 00 00 00 00 00 00 00 00 00 00 00 00 00 00 00 00 00 00 00 00 00 00 00 00 00 00 00 00 00 00 00 00 00 00 00 00 00 00 00 00 00 00 00 00 00 00 00 00 00 00 00 00 00 00 00 00 00 00 00 00 00 00 00 00 00 00 00 00 00 00 00 00 00 00 00 00 00 00 00 00 00 00 00 00 00 00 00 00 00 00 00 00 00 00 00 00 00 00 00 00 00 00 00 00 00 30 00 7C 00 01 3F 00 00 00 78 07 3F 3F 0F 3F 00 00 00 3F 1F 3F 3F 1F 3F 00 00 01 3F 7E 3D 3F 7E 18 00 00 03 3F 3F 3C 3F 3F 1C 00 00 03 3F 3F 38 3F 3F 3F 00 00 07 3F 3F 78 3F 3F 3F 00 00 07 3F 3F 79 3F 3F 3F 00 00 0F 3F 3F 79 3F 3F 1C 00 00 1D 3F 00 3F 3F 3F 38 00 00 1F 3F 00 3F 3F 3F 38 00 3F 3F 3F 00 3F 3F 3F 78 07 3F 3F 3F 00 3F 3F 3F 3F
N02487C -->
   ASCII: ..?........w......>........<........<......|.<........<........>>..|...|.........................>..............................................................................................................................................................
   HEX: 0F 3F 3F 3F 01 3F 3F 3F 3F 1F 00 77 3F 3F 3F 3F 3F 3F 3E 00 3F 3F 3F 3F 3F 3F 3F 3C 01 3F 00 03 3F 3F 3F 00 3C 01 3F 00 03 3F 3F 7C 00 3C 03 3F 0C 07 3F 3F 00 0C 3C 07 1E 1C 1F 0F 3F 00 1C 3E 3E 1E 3F 7C 7F 07 3F 7C 1F 3F 0F 3F 3F 3F 03 3F 3F 07 3F 03 3F 7F 3F 01 3F 3F 00 00 00 00 00 00 00 3E 00 00 00 00 00 00 00 00 00 00 00 00 00 00 00 00 00 00 00 00 00 00 00 00 00 00 00 00 00 00 00 00 00 00 00 00 00 00 00 00 00 00 00 00 00 00 00 00 00 00 00 00 00 00 00 00 00 00 00 00 00 00 00 00 00 00 00 00 00 00 00 00 00 00 00 00 00 00 00 00 00 00 00 00 00 00 00 00 00 00 00 00 00 00 00 00 00 00 00 00 00 00 00 00 00 00 00 00 00 00 00 00 00 00 00 00 00 00 00 00 00 00 00 00 00 00 00 00 00 00 00 00 00 00 00 00 00 00 00 00 00 00 00 00 00 00 00 00 00 00 00 00 00 00 00 00 00 00
R02497C -->
   ASCII: ................................
   HEX: 00 00 00 00 00 00 00 00 00 00 00 00 00 00 00 00 00 00 00 00 00 00 00 00 00 00 00 00 00 00 00 00
L02475C00022E --> 00005EF7
WFFFED00101? --> Write 0101 to FFFED0
RFFFED0 -->
   ASCII: .....@.....c....................
   HEX: 00 00 00 00 00 40 00 00 00 83 00 63 00 00 00 00 00 00 00 00 00 00 00 00 FF 00 00 01 00 00 00 00
RF? --> Acknowledged

Session Ended - 2025-10-20 22:47:50.479
