Serial Capture Session - 2025-10-20 23:16:15.554
Software: COM7, Machine: COM15, Initial Baud: 57600

*** Forwarding ENABLED - 'R' received from Software ***
RF? --> Acknowledged
TrMEYQ --> Acknowledged
WFFFED000A1? --> Write 00A1 to FFFED0
RFFFED0 -->
   ASCII: .....@.....c....................
   HEX: 00 02 00 00 00 40 00 00 00 83 00 63 00 00 00 00 00 00 00 00 00 00 00 00 03 00 00 01 A0 00 00 00
W0201DC2C? --> Write 2C to 0201DC
W0201E101? --> Write 01 to 0201E1
WFFFED00061? --> Write 0061 to FFFED0
RFFFED0 -->
   ASCII: .....@.....c................`...
   HEX: 00 02 00 00 00 40 00 00 00 83 00 63 00 00 00 00 00 00 00 00 00 00 00 00 03 00 00 01 60 00 00 00
WFFFED00021? --> Write 0021 to FFFED0
RFFFED0 -->
   ASCII: .....@.....c................ ...
   HEX: 00 02 00 00 00 40 00 00 00 83 00 63 00 00 00 00 00 00 00 00 00 00 00 00 03 00 00 01 20 00 00 00
R024080 -->
   ASCII: -...............................
   HEX: 2D 00 00 00 00 00 00 00 00 00 00 00 00 00 00 00 00 00 00 00 00 00 00 00 00 00 00 00 00 90 8F 93
R024480 -->
   ASCII: ...>............................
   HEX: 01 00 09 3E FF 00 00 00 00 00 00 00 00 00 00 00 00 00 00 00 00 00 00 00 00 00 00 00 00 00 00 00
R02680E -->
   ASCII: ................................
   HEX: 00 00 00 00 00 00 00 00 00 00 00 00 00 00 00 00 00 00 00 00 00 00 00 00 00 00 00 00 00 00 00 00
N02682E -->
   ASCII: ...................................................................................................................................|....................................|........<........<.................................................x<........8...<....p
   HEX: 00 00 00 00 00 00 00 00 00 00 00 00 00 00 00 00 00 00 00 00 00 00 00 00 00 00 00 00 00 00 00 00 00 00 00 00 00 00 00 00 00 00 00 00 00 00 00 00 00 00 00 00 00 00 00 00 00 00 00 00 00 00 00 00 00 00 00 00 00 00 00 00 00 00 00 00 00 00 00 00 00 00 00 00 00 00 00 00 00 00 00 00 00 00 00 00 00 00 00 00 00 00 00 00 00 00 00 00 00 00 00 00 00 00 00 00 00 00 00 00 00 00 00 00 00 00 00 00 00 00 00 7C 00 00 00 00 00 00 00 01 3F 18 00 00 00 00 00 00 03 3F 3F 00 00 00 00 00 00 07 3F 3F 00 00 00 00 00 00 0F 00 7C 00 00 00 00 00 00 0E 00 3C 00 00 00 00 00 00 1E 00 3C 00 00 00 00 00 00 1F 00 1C 00 00 00 00 00 00 0F 3F 1C 00 3F 00 00 00 00 0F 3F 1C 03 3F 07 3F 3F 7F 0F 3F 3F 07 3F 07 3F 3F 7F 07 3F 3F 0F 0F 3F 3F 78 3C 03 3F 3F 1E 07 3F 3F 3F 38 00 0F 3F 3C 03 3F 3F 3F 70
N02692E -->
   ASCII: ...?..y.p..>?..y.`...>..}.....<..?.....<..?.....>.......<..................?......?...........p.................................................................................................................................................................
   HEX: 1C 00 3F 3F 3F 3F 79 3F 70 1C 00 3E 3F 3F 3F 79 3F 60 1C 00 0E 3E 7F 3F 7D 3F 3F 1E 00 0E 3C 00 00 3F 3F 3F 1E 00 0E 3C 00 00 3F 0F 3F 1F 00 1E 3E 01 00 1F 0F 3F 0F 3F 3C 1E 03 3F 1F 07 3F 0F 3F 3F 0F 3F 3F 0E 07 3F 1D 3F 3F 3F 3F 03 3F 03 00 0C 3F 3F 03 3F 04 00 00 00 00 00 00 00 70 00 00 00 00 00 00 00 00 00 00 00 00 00 00 00 00 00 00 00 00 00 00 00 00 00 00 00 00 00 00 00 00 00 00 00 00 00 00 00 00 00 00 00 00 00 00 00 00 00 00 00 00 00 00 00 00 00 00 00 00 00 00 00 00 00 00 00 00 00 00 00 00 00 00 00 00 00 00 00 00 00 00 00 00 00 00 00 00 00 00 00 00 00 00 00 00 00 00 00 00 00 00 00 00 00 00 00 00 00 00 00 00 00 00 00 00 00 00 00 00 00 00 00 00 00 00 00 00 00 00 00 00 00 00 00 00 00 00 00 00 00 00 00 00 00 00 00 00 00 00 00 00 00 00 00 00 00 00 00 00 00
R026A2E -->
   ASCII: ................................
   HEX: 00 00 00 00 00 00 00 00 00 00 00 00 00 00 00 00 00 00 00 00 00 00 00 00 00 00 00 00 00 00 00 00
L02680E00022E --> 00003DE2
WFFFED00101? --> Write 0101 to FFFED0
RFFFED0 -->
   ASCII: .....@.....c....................
   HEX: 00 00 00 00 00 40 00 00 00 83 00 63 00 00 00 00 00 00 00 00 00 00 00 00 FF 00 00 01 00 00 00 00

Session Ended - 2025-10-20 23:16:35.390
