Serial Capture Session - 2025-10-20 23:34:09.307
Software: COM7, Machine: COM15, Initial Baud: 57600

*** Forwarding ENABLED - 'R' received from Software ***
RF? --> Acknowledged
TrMEYQ --> Acknowledged
WFFFED00051? --> Write 0051 to FFFED0
RFFFED0 -->
   ASCII: .....@.....3................P...
   HEX: 00 02 00 00 00 40 00 00 00 83 00 33 00 00 00 00 00 00 00 00 00 00 00 00 03 00 00 01 50 00 00 00
W0201DC01? --> Write 01 to 0201DC
W0201E100? --> Write 00 to 0201E1
WFFFED00031? --> Write 0031 to FFFED0
RFFFED0 -->
   ASCII: .....@.....3................0...
   HEX: 00 02 00 00 00 40 00 00 00 83 00 33 00 00 00 00 00 00 00 00 00 00 00 00 03 00 00 01 30 00 00 00
WFFFED00021? --> Write 0021 to FFFED0
RFFFED0 -->
   ASCII: .....@.....3................ ...
   HEX: 00 02 00 00 00 40 00 00 00 83 00 33 00 00 00 00 00 00 00 00 00 00 00 00 03 00 00 01 20 00 00 00
R024080 -->
   ASCII: ................................
   HEX: 11 00 00 00 00 00 00 00 00 00 00 00 00 00 00 00 00 00 00 00 00 00 00 00 00 00 00 00 00 90 8F 93
RF? --> Acknowledged
R024080 -->
   ASCII: ................................
   HEX: 11 00 00 00 00 00 00 00 00 00 00 00 00 00 00 00 00 00 00 00 00 00 00 00 00 00 00 00 00 90 8F 93
R024004 -->
   ASCII: ..............."......@........$
   HEX: 00 FF FE D4 00 02 03 FC 00 02 82 AE 00 02 04 22 00 02 01 DC 00 02 40 80 00 FF FE E4 00 02 04 24
RFFFEDB -->
   ASCII: 3................ ..............
   HEX: 33 00 00 00 00 00 00 00 00 00 00 00 00 03 00 00 01 20 00 00 00 00 00 00 00 00 00 00 00 00 00 00
W0201E100? --> Write 00 to 0201E1
R0240B9 -->
   ASCII: ............................Drif
   HEX: AC AC AC AC AC A4 A4 A4 A4 A4 A4 A4 A4 A4 A4 A4 A4 86 A4 A4 A4 A4 A4 A4 A4 A4 A4 00 44 72 69 66
R0240D5 -->
   ASCII: Drifterv4-5Rev6.................
   HEX: 44 72 69 66 74 65 72 76 34 2D 35 52 65 76 36 00 00 00 00 00 00 00 00 00 00 00 00 00 00 00 00 00
N0240F5 -->
   ASCII: Lisav4-5Rev66...................BlackBoardv4-5Rev6..............SwissBlock v4-5 rev6a...........Zurichv45rev6a..................1    ...........................2    ...........................3    ...........................4    ...........................
   HEX: 4C 69 73 61 76 34 2D 35 52 65 76 36 36 00 00 00 00 00 00 00 00 00 00 00 00 00 00 00 00 00 00 00 42 6C 61 63 6B 42 6F 61 72 64 76 34 2D 35 52 65 76 36 00 00 00 00 00 00 00 00 00 00 00 00 00 00 53 77 69 73 73 42 6C 6F 63 6B 20 76 34 2D 35 20 72 65 76 36 61 00 00 00 00 00 00 00 00 00 00 00 5A 75 72 69 63 68 76 34 35 72 65 76 36 61 00 00 00 00 00 00 00 00 00 00 00 00 00 00 00 00 00 00 31 20 20 20 20 00 00 00 00 00 00 00 00 00 00 00 00 00 00 00 00 00 00 00 00 00 00 00 00 00 00 00 32 20 20 20 20 00 00 00 00 00 00 00 00 00 00 00 00 00 00 00 00 00 00 00 00 00 00 00 00 00 00 00 33 20 20 20 20 00 00 00 00 00 00 00 00 00 00 00 00 00 00 00 00 00 00 00 00 00 00 00 00 00 00 00 34 20 20 20 20 00 00 00 00 00 00 00 00 00 00 00 00 00 00 00 00 00 00 00 00 00 00 00 00 00 00 00
N0241F5 -->
   ASCII: 5    ...........................6    ...........................7    ...........................8    ...........................9    ...........................10   ...........................11   ...........................12   ...........................
   HEX: 35 20 20 20 20 00 00 00 00 00 00 00 00 00 00 00 00 00 00 00 00 00 00 00 00 00 00 00 00 00 00 00 36 20 20 20 20 00 00 00 00 00 00 00 00 00 00 00 00 00 00 00 00 00 00 00 00 00 00 00 00 00 00 00 37 20 20 20 20 00 00 00 00 00 00 00 00 00 00 00 00 00 00 00 00 00 00 00 00 00 00 00 00 00 00 00 38 20 20 20 20 00 00 00 00 00 00 00 00 00 00 00 00 00 00 00 00 00 00 00 00 00 00 00 00 00 00 00 39 20 20 20 20 00 00 00 00 00 00 00 00 00 00 00 00 00 00 00 00 00 00 00 00 00 00 00 00 00 00 00 31 30 20 20 20 00 00 00 00 00 00 00 00 00 00 00 00 00 00 00 00 00 00 00 00 00 00 00 00 00 00 00 31 31 20 20 20 00 00 00 00 00 00 00 00 00 00 00 00 00 00 00 00 00 00 00 00 00 00 00 00 00 00 00 31 32 20 20 20 00 00 00 00 00 00 00 00 00 00 00 00 00 00 00 00 00 00 00 00 00 00 00 00 00 00 00
L0240D5000220 --> 000024B0
WFFFED00101? --> Write 0101 to FFFED0
RFFFED0 -->
   ASCII: .....@.....3....................
   HEX: 00 00 00 00 00 40 00 00 00 83 00 33 00 00 00 00 00 00 00 00 00 00 00 00 FF 00 00 01 00 00 00 00

Session Ended - 2025-10-20 23:34:32.971
