Serial Capture Session - 2025-10-20 23:07:40.450
Software: COM7, Machine: COM15, Initial Baud: 57600

*** Forwarding ENABLED - 'R' received from Software ***
RF? --> Acknowledged
TrMEYQ --> Acknowledged
WFFFED000A1? --> Write 00A1 to FFFED0
RFFFED0 -->
   ASCII: .....@.....c....................
   HEX: 00 02 00 00 00 40 00 00 00 83 00 63 00 00 00 00 00 00 00 00 00 00 00 00 03 00 00 01 A0 00 00 00
W0201DC1F? --> Write 1F to 0201DC
W0201E101? --> Write 01 to 0201E1
WFFFED00061? --> Write 0061 to FFFED0
RFFFED0 -->
   ASCII: .....@.....c................`...
   HEX: 00 02 00 00 00 40 00 00 00 83 00 63 00 00 00 00 00 00 00 00 00 00 00 00 03 00 00 01 60 00 00 00
WFFFED00021? --> Write 0021 to FFFED0
RFFFED0 -->
   ASCII: .....@.....c................ ...
   HEX: 00 02 00 00 00 40 00 00 00 83 00 63 00 00 00 00 00 00 00 00 00 00 00 00 03 00 00 01 20 00 00 00
RF? --> Acknowledged
R024080 -->
   ASCII: -...............................
   HEX: 2D 00 00 00 00 00 00 00 00 00 00 00 00 00 00 00 00 00 00 00 00 00 00 00 00 00 00 00 00 90 8F 93
R024480 -->
   ASCII: ...>............................
   HEX: 01 00 09 3E FF 00 00 00 00 00 00 00 00 00 00 00 00 00 00 00 00 00 00 00 00 00 00 00 00 00 00 00
R024BB8 -->
   ASCII: ................................
   HEX: 00 00 00 00 00 00 00 00 00 00 00 00 00 00 00 00 00 00 00 00 00 00 00 07 80 00 00 00 00 00 00 00
N024BD8 -->
   ASCII: ...........................?........}...........................p........p.............................................................?.>........8........8........x.........................................?........_..........................a.............
   HEX: 07 3F 00 00 00 00 00 00 00 07 3F 00 00 00 00 00 00 00 0F 3F 00 00 00 00 00 00 00 3F 3F 00 00 00 00 00 00 00 7D 3F 00 00 00 00 00 00 00 3F 3F 00 00 00 00 00 00 01 3F 3F 00 00 00 00 00 00 03 3F 70 00 00 00 00 00 00 03 3F 70 00 00 00 00 00 00 07 3F 3F 00 00 00 00 00 00 0F 3F 3F 3F 00 00 00 00 00 0F 3F 3F 3F 00 00 00 00 00 19 3F 3F 3F 3F 00 00 00 00 1F 3F 3F 3F 00 00 00 00 00 1D 0F 3F 7F 00 00 00 00 00 1B 3F 3F 3E 00 00 00 00 00 1B 3F 3F 38 00 00 00 00 00 19 3F 3F 38 00 00 00 00 00 1F 3F 3F 78 00 00 00 00 00 0F 3F 3F 3F 00 00 00 00 00 0F 3F 01 3F 00 00 00 00 00 0F 3F 07 3F 00 00 00 00 00 0F 3F 3F 3F 00 00 00 00 00 3F 3F 3F 3F 00 00 00 00 01 5F 3F 07 00 00 00 00 00 03 3F 3F 3F 00 00 00 00 00 0B 03 3F 3F 00 00 00 00 00 1F 61 3F 3F 00 00 00 00 00 1E 3F 3F 00 00 00
N024CD8 -->
   ASCII: ...<.................p...........................<........<........<...............<.................0....................................x................q@.......g.......9e.......;........[........{.....................................................@..
   HEX: 00 00 00 3C 3F 3F 00 00 00 00 00 00 3F 03 3F 00 00 00 00 00 00 70 02 3F 00 00 00 00 00 01 3F 3F 00 00 00 00 00 00 01 3F 3F 00 00 00 00 00 00 07 3F 3C 00 00 00 00 00 00 0F 0E 3C 00 00 00 00 00 00 07 08 3C 00 00 00 00 00 00 1F 1C 3F 00 00 00 00 00 00 3C 0C 3F 00 00 00 00 00 00 1C 3F 3F 00 00 00 00 00 00 30 07 3F 00 00 00 00 00 00 3F 1F 3F 00 00 00 00 00 00 3F 1E 00 00 00 00 00 00 00 3F 14 00 00 00 00 00 00 05 3F 78 00 00 00 00 00 00 07 3F 3F 00 00 00 00 00 00 0E 71 40 00 00 00 00 00 00 16 67 00 00 00 00 00 00 00 39 65 00 00 00 00 00 00 00 3B 3F 00 00 00 00 00 00 00 5B 3F 00 00 00 00 00 00 00 7B 3F 00 00 00 00 00 00 00 3F 3F 00 00 00 00 00 00 00 3F 00 00 00 00 00 00 00 00 3F 3F 00 00 00 00 00 00 00 3F 00 00 00 00 00 00 00 00 3F 00 00 00 00 00 00 00 00 40 00 00
R024DD8 -->
   ASCII: ................................
   HEX: 00 00 00 00 00 00 00 00 00 00 00 00 00 00 00 00 00 00 00 00 00 00 00 00 00 00 00 00 00 00 00 00
L024BB800022E --> 00005514
WFFFED00101? --> Write 0101 to FFFED0
RFFFED0 -->
   ASCII: .....@.....c....................
   HEX: 00 00 00 00 00 40 00 00 00 83 00 63 00 00 00 00 00 00 00 00 00 00 00 00 FF 00 00 01 00 00 00 00

Session Ended - 2025-10-20 23:08:00.947
