Serial Capture Session - 2025-10-20 22:42:39.619
Software: COM7, Machine: COM15, Initial Baud: 57600

*** Forwarding ENABLED - 'R' received from Software ***
RF? --> Acknowledged
R57FF80 -->
   ASCII: .... ..+y}.p....SS2..p..........
   HEX: B4 A5 00 00 20 DF 00 2B 79 7D 03 70 0F CE 0C 08 53 53 32 FF 03 70 FF FF FF FF FF FF FF FF FF FF
TrMEYQ --> Acknowledged
R200100 -->
   ASCII: SRMV03.01 .Fritz Gegauf AG..Oct 
   HEX: 53 52 4D 56 30 33 2E 30 31 20 00 46 72 69 74 7A 20 47 65 67 61 75 66 20 41 47 0D 00 4F 63 74 20
R024004 -->
   ASCII: ..............."......@........$
   HEX: 00 FF FE D4 00 02 03 FC 00 02 82 AE 00 02 04 22 00 02 01 DC 00 02 40 80 00 FF FE E4 00 02 04 24
RFFFED9 -->
   ASCII: ..3.............................
   HEX: 83 00 33 00 00 00 00 00 00 00 00 00 00 00 00 02 00 00 01 00 00 00 00 00 00 00 00 00 00 00 00 00
R024040 -->
   ASCII: .......d........................
   HEX: 00 02 06 A0 00 02 07 64 00 00 00 00 00 00 00 00 00 00 00 00 00 00 00 00 00 00 00 00 00 00 00 00
R0206A0 -->
   ASCII: ..*...,..............`..........
   HEX: 1D 1B 2A 03 80 00 2C 07 02 00 00 03 05 00 00 00 FF FF FF 00 FC 60 00 00 00 00 00 00 00 00 00 00
WFFFED000A1? --> Write 00A1 to FFFED0
RFFFED0 -->
   ASCII: .....@.....c....................
   HEX: 00 02 00 00 00 40 00 00 00 83 00 63 00 00 00 00 00 00 00 00 00 00 00 00 03 00 00 01 A0 00 00 00
W0201DC01? --> Write 01 to 0201DC
W0201E100? --> Write 00 to 0201E1
WFFFED00031? --> Write 0031 to FFFED0
RFFFED0 -->
   ASCII: .....@.....c................0...
   HEX: 00 02 00 00 00 40 00 00 00 83 00 63 00 00 00 00 00 00 00 00 00 00 00 00 03 00 00 01 30 00 00 00
WFFFED00021? --> Write 0021 to FFFED0
RFFFED0 -->
   ASCII: .....@.....c................ ...
   HEX: 00 02 00 00 00 40 00 00 00 83 00 63 00 00 00 00 00 00 00 00 00 00 00 00 03 00 00 01 20 00 00 00
R024080 -->
   ASCII: -...............................
   HEX: 2D 00 00 00 00 00 00 00 00 00 00 00 00 00 00 00 00 00 00 00 00 00 00 00 00 00 00 00 00 90 8F 93
R024004 -->
   ASCII: ..............."......@........$
   HEX: 00 FF FE D4 00 02 03 FC 00 02 82 AE 00 02 04 22 00 02 01 DC 00 02 40 80 00 FF FE E4 00 02 04 24
RFFFEDB -->
   ASCII: c................ ..............
   HEX: 63 00 00 00 00 00 00 00 00 00 00 00 00 03 00 00 01 20 00 00 00 00 00 00 00 00 00 00 00 00 00 00
W0201E100? --> Write 00 to 0201E1
R0240B9 -->
   ASCII: ............................Drif
   HEX: AC AC AC AC AC AC AC A4 A4 A4 A4 A4 A4 A4 A4 A4 A4 A4 A4 A4 A4 A4 A4 A4 A4 A4 A4 00 44 72 69 66
R0240D5 -->
   ASCII: Drifterv45Rev6..................
   HEX: 44 72 69 66 74 65 72 76 34 35 52 65 76 36 00 00 00 00 00 00 00 00 00 00 00 00 00 00 00 00 00 00
N0240F5 -->
   ASCII: LisaV45Rev8.....................BlackBoardv45Rev61..............SwissBlock v45 rev6a............Zurichv45rev6a..................ALICE v6m Rev5 Firmware v3......BAMBOO v6m Rev8 Firmware v3.....Lg5060..........................Cs021...........................
   HEX: 4C 69 73 61 56 34 35 52 65 76 38 00 00 00 00 00 00 00 00 00 00 00 00 00 00 00 00 00 00 00 00 00 42 6C 61 63 6B 42 6F 61 72 64 76 34 35 52 65 76 36 31 00 00 00 00 00 00 00 00 00 00 00 00 00 00 53 77 69 73 73 42 6C 6F 63 6B 20 76 34 35 20 72 65 76 36 61 00 00 00 00 00 00 00 00 00 00 00 00 5A 75 72 69 63 68 76 34 35 72 65 76 36 61 00 00 00 00 00 00 00 00 00 00 00 00 00 00 00 00 00 00 41 4C 49 43 45 20 76 36 6D 20 52 65 76 35 20 46 69 72 6D 77 61 72 65 20 76 33 00 00 00 00 00 00 42 41 4D 42 4F 4F 20 76 36 6D 20 52 65 76 38 20 46 69 72 6D 77 61 72 65 20 76 33 00 00 00 00 00 4C 67 35 30 36 30 00 00 00 00 00 00 00 00 00 00 00 00 00 00 00 00 00 00 00 00 00 00 00 00 00 00 43 73 30 32 31 00 00 00 00 00 00 00 00 00 00 00 00 00 00 00 00 00 00 00 00 00 00 00 00 00 00 00
RF? --> Acknowledged
N0241F5 -->
   ASCII: Fl081...........................Nv772...........................Nv722...........................Nv799...........................Bd130...........................Bd115v2.........................Cr070...........................Cr060...........................
   HEX: 46 6C 30 38 31 00 00 00 00 00 00 00 00 00 00 00 00 00 00 00 00 00 00 00 00 00 00 00 00 00 00 00 4E 76 37 37 32 00 00 00 00 00 00 00 00 00 00 00 00 00 00 00 00 00 00 00 00 00 00 00 00 00 00 00 4E 76 37 32 32 00 00 00 00 00 00 00 00 00 00 00 00 00 00 00 00 00 00 00 00 00 00 00 00 00 00 00 4E 76 37 39 39 00 00 00 00 00 00 00 00 00 00 00 00 00 00 00 00 00 00 00 00 00 00 00 00 00 00 00 42 64 31 33 30 00 00 00 00 00 00 00 00 00 00 00 00 00 00 00 00 00 00 00 00 00 00 00 00 00 00 00 42 64 31 31 35 76 32 00 00 00 00 00 00 00 00 00 00 00 00 00 00 00 00 00 00 00 00 00 00 00 00 00 43 72 30 37 30 00 00 00 00 00 00 00 00 00 00 00 00 00 00 00 00 00 00 00 00 00 00 00 00 00 00 00 43 72 30 36 30 00 00 00 00 00 00 00 00 00 00 00 00 00 00 00 00 00 00 00 00 00 00 00 00 00 00 00
N0242F5 -->
   ASCII: Nv850...........................Nv810...........................935125..........................965080..........................19V2Rose-Spray..................Me028...........................flower 2172.....................Me009...........................
   HEX: 4E 76 38 35 30 00 00 00 00 00 00 00 00 00 00 00 00 00 00 00 00 00 00 00 00 00 00 00 00 00 00 00 4E 76 38 31 30 00 00 00 00 00 00 00 00 00 00 00 00 00 00 00 00 00 00 00 00 00 00 00 00 00 00 00 39 33 35 31 32 35 00 00 00 00 00 00 00 00 00 00 00 00 00 00 00 00 00 00 00 00 00 00 00 00 00 00 39 36 35 30 38 30 00 00 00 00 00 00 00 00 00 00 00 00 00 00 00 00 00 00 00 00 00 00 00 00 00 00 31 39 56 32 52 6F 73 65 2D 53 70 72 61 79 00 00 00 00 00 00 00 00 00 00 00 00 00 00 00 00 00 00 4D 65 30 32 38 00 00 00 00 00 00 00 00 00 00 00 00 00 00 00 00 00 00 00 00 00 00 00 00 00 00 00 66 6C 6F 77 65 72 20 32 31 37 32 00 00 00 00 00 00 00 00 00 00 00 00 00 00 00 00 00 00 00 00 00 4D 65 30 30 39 00 00 00 00 00 00 00 00 00 00 00 00 00 00 00 00 00 00 00 00 00 00 00 00 00 00 00
R0243F5 -->
   ASCII: 985089..........................
   HEX: 39 38 35 30 38 39 00 00 00 00 00 00 00 00 00 00 00 00 00 00 00 00 00 00 00 00 00 00 00 00 00 00
R024415 -->
   ASCII: pm008...........................
   HEX: 70 6D 30 30 38 00 00 00 00 00 00 00 00 00 00 00 00 00 00 00 00 00 00 00 00 00 00 00 00 00 00 00
L0240D5000360 --> 00004CC9
W0201E101? --> Write 01 to 0201E1
WFFFED00061? --> Write 0061 to FFFED0
RFFFED0 -->
   ASCII: .....@.....c................`...
   HEX: 00 02 00 00 00 40 00 00 00 83 00 63 00 00 00 00 00 00 00 00 00 00 00 00 03 00 00 01 60 00 00 00
R0240B9 -->
   ASCII: ............................Rc29
   HEX: A4 A4 A4 A4 A4 A4 A4 A4 A4 A4 A4 A4 A4 A4 A4 86 86 86 A4 A4 A4 A4 A4 A4 A4 A4 A4 00 52 63 32 39
R0240D5 -->
   ASCII: Rc298v2.........................
   HEX: 52 63 32 39 38 76 32 00 00 00 00 00 00 00 00 00 00 00 00 00 00 00 00 00 00 00 00 00 00 00 00 00
N0240F5 -->
   ASCII: 10FanLG.........................Nv735...........................V2EmbScissLG....................dm27 ...........................me014...........................995183..........................Sp362...........................Sp533...........................
   HEX: 31 30 46 61 6E 4C 47 00 00 00 00 00 00 00 00 00 00 00 00 00 00 00 00 00 00 00 00 00 00 00 00 00 4E 76 37 33 35 00 00 00 00 00 00 00 00 00 00 00 00 00 00 00 00 00 00 00 00 00 00 00 00 00 00 00 56 32 45 6D 62 53 63 69 73 73 4C 47 00 00 00 00 00 00 00 00 00 00 00 00 00 00 00 00 00 00 00 00 64 6D 32 37 20 00 00 00 00 00 00 00 00 00 00 00 00 00 00 00 00 00 00 00 00 00 00 00 00 00 00 00 6D 65 30 31 34 00 00 00 00 00 00 00 00 00 00 00 00 00 00 00 00 00 00 00 00 00 00 00 00 00 00 00 39 39 35 31 38 33 00 00 00 00 00 00 00 00 00 00 00 00 00 00 00 00 00 00 00 00 00 00 00 00 00 00 53 70 33 36 32 00 00 00 00 00 00 00 00 00 00 00 00 00 00 00 00 00 00 00 00 00 00 00 00 00 00 00 53 70 35 33 33 00 00 00 00 00 00 00 00 00 00 00 00 00 00 00 00 00 00 00 00 00 00 00 00 00 00 00
RF? --> Acknowledged
N0241F5 -->
   ASCII: Wl318...........................Wm244...........................lb109...........................Fl572...........................Wl998...........................EPB35...........................Cr070...........................Cr060...........................
   HEX: 57 6C 33 31 38 00 00 00 00 00 00 00 00 00 00 00 00 00 00 00 00 00 00 00 00 00 00 00 00 00 00 00 57 6D 32 34 34 00 00 00 00 00 00 00 00 00 00 00 00 00 00 00 00 00 00 00 00 00 00 00 00 00 00 00 6C 62 31 30 39 00 00 00 00 00 00 00 00 00 00 00 00 00 00 00 00 00 00 00 00 00 00 00 00 00 00 00 46 6C 35 37 32 00 00 00 00 00 00 00 00 00 00 00 00 00 00 00 00 00 00 00 00 00 00 00 00 00 00 00 57 6C 39 39 38 00 00 00 00 00 00 00 00 00 00 00 00 00 00 00 00 00 00 00 00 00 00 00 00 00 00 00 45 50 42 33 35 00 00 00 00 00 00 00 00 00 00 00 00 00 00 00 00 00 00 00 00 00 00 00 00 00 00 00 43 72 30 37 30 00 00 00 00 00 00 00 00 00 00 00 00 00 00 00 00 00 00 00 00 00 00 00 00 00 00 00 43 72 30 36 30 00 00 00 00 00 00 00 00 00 00 00 00 00 00 00 00 00 00 00 00 00 00 00 00 00 00 00
R0242F5 -->
   ASCII: Nv850...........................
   HEX: 4E 76 38 35 30 00 00 00 00 00 00 00 00 00 00 00 00 00 00 00 00 00 00 00 00 00 00 00 00 00 00 00
L0240D5000240 --> 00001C79
R024040 -->
   ASCII: .......d........................
   HEX: 00 02 06 A0 00 02 07 64 00 00 00 00 00 00 00 00 00 00 00 00 00 00 00 00 00 00 00 00 00 00 00 00
R0206A0 -->
   ASCII: ..*...,..............`..........
   HEX: 1D 1B 2A 03 00 00 2C 07 02 00 00 03 05 00 00 00 FF FF FF 00 FC 60 00 00 00 00 00 00 00 00 00 00
WFFFED00101? --> Write 0101 to FFFED0
RFFFED0 -->
   ASCII: .....@.....c....................
   HEX: 00 00 00 00 00 40 00 00 00 83 00 63 00 00 00 00 00 00 00 00 00 00 00 00 FF 00 00 01 00 00 00 00

Session Ended - 2025-10-20 22:43:25.835
