Serial Capture Session - 2025-10-20 22:56:09.599
Software: COM7, Machine: COM15, Initial Baud: 57600

*** Forwarding ENABLED - 'R' received from Software ***
RF? --> Acknowledged
TrMEYQ --> Acknowledged
WFFFED000A1? --> Write 00A1 to FFFED0
RFFFED0 -->
   ASCII: .....@.....c....................
   HEX: 00 02 00 00 00 40 00 00 00 83 00 63 00 00 00 00 00 00 00 00 00 00 00 00 03 00 00 01 A0 00 00 00
W0201DC0F? --> Write 0F to 0201DC
W0201E100? --> Write 00 to 0201E1
WFFFED00031? --> Write 0031 to FFFED0
RFFFED0 -->
   ASCII: .....@.....c................0...
   HEX: 00 02 00 00 00 40 00 00 00 83 00 63 00 00 00 00 00 00 00 00 00 00 00 00 03 00 00 01 30 00 00 00
WFFFED00021? --> Write 0021 to FFFED0
RFFFED0 -->
   ASCII: .....@.....c................ ...
   HEX: 00 02 00 00 00 40 00 00 00 83 00 63 00 00 00 00 00 00 00 00 00 00 00 00 03 00 00 01 20 00 00 00
R024080 -->
   ASCII: -...............................
   HEX: 2D 00 00 00 00 00 00 00 00 00 00 00 00 00 00 00 00 00 00 00 00 00 00 00 00 00 00 00 00 90 8F 93
R024480 -->
   ASCII: ...>............................
   HEX: 01 00 09 3E FF 00 00 00 00 00 00 00 00 00 00 00 00 00 00 00 00 00 00 00 00 00 00 00 00 00 00 00
R0263B2 -->
   ASCII: ................................
   HEX: 00 00 00 00 00 00 00 00 00 00 00 00 00 00 00 00 00 00 00 00 00 00 F8 00 00 00 00 00 00 00 00 FC
N0263D2 -->
   ASCII: .................X...................................~........~........~.....................................................................................................................................;.`........p......<.8......8.......................
   HEX: 00 00 00 00 00 00 00 00 3F 00 00 00 00 00 00 00 00 58 00 00 00 00 00 00 00 03 3F 00 00 00 00 00 00 00 07 3F 00 00 00 00 00 00 00 07 3F 00 00 00 00 00 00 00 02 7E 00 00 00 00 00 00 00 00 7E 00 00 00 00 00 00 00 00 7E 00 00 00 00 00 00 00 00 3F 00 00 00 00 00 00 00 00 3F 00 00 00 00 00 00 00 00 3F 00 00 00 00 00 00 00 01 3F 00 00 00 00 00 00 00 01 3F 00 00 00 00 00 00 00 03 3F 00 00 00 00 00 00 00 03 3F 00 00 00 00 00 00 00 03 3F 00 00 00 00 00 00 00 03 3F 00 00 00 00 00 00 00 03 3F 3F 00 00 00 00 00 00 03 3F 3F 00 00 00 00 00 00 03 3F 3F 00 00 00 00 00 00 03 3F 3F 00 00 00 00 00 00 03 3F 3F 00 00 00 00 00 00 3B 3F 60 00 00 00 00 00 00 7F 00 70 00 00 00 00 00 00 3C 00 38 00 00 00 00 00 00 38 00 1C 00 00 00 00 00 00 00 00 0E 00 00 00 00 00 00 00 00 0E 00 00 00
N0264D2 -->
   ASCII: ............<.<........8........`......3.`...................................................................................................................~........~........~........~........~..........................x...................................
   HEX: 00 00 00 00 00 1E 00 00 00 00 00 00 3C 00 3C 00 00 00 00 00 00 7F 00 38 00 00 00 00 00 00 7F 00 60 00 00 00 00 00 00 33 3F 60 00 00 00 00 00 00 03 3F 3F 00 00 00 00 00 00 03 3F 3F 00 00 00 00 00 00 03 3F 3F 00 00 00 00 00 00 03 3F 3F 00 00 00 00 00 00 03 3F 00 00 00 00 00 00 00 03 3F 00 00 00 00 00 00 00 03 3F 00 00 00 00 00 00 00 01 3F 00 00 00 00 00 00 00 01 3F 00 00 00 00 00 00 00 01 3F 00 00 00 00 00 00 00 00 3F 00 00 00 00 00 00 00 00 3F 00 00 00 00 00 00 00 00 7E 00 00 00 00 00 00 00 00 7E 00 00 00 00 00 00 00 00 7E 00 00 00 00 00 00 00 00 7E 00 00 00 00 00 00 00 07 7E 00 00 00 00 00 00 00 07 3F 00 00 00 00 00 00 00 07 3F 00 00 00 00 00 00 00 00 78 00 00 00 00 00 00 00 00 3F 00 00 00 00 00 00 00 00 3F 00 00 00 00 00 00 00 00 3F 00 00 00 00 00 00 00 00
R0265D2 -->
   ASCII: `...............................
   HEX: 60 00 00 00 00 00 00 00 00 00 00 00 00 00 00 00 00 00 00 00 00 00 00 00 00 00 00 00 00 00 00 00
L0263B200022E --> 000034E0
WFFFED00101? --> Write 0101 to FFFED0
RFFFED0 -->
   ASCII: .....@.....c....................
   HEX: 00 00 00 00 00 40 00 00 00 83 00 63 00 00 00 00 00 00 00 00 00 00 00 00 FF 00 00 01 00 00 00 00

Session Ended - 2025-10-20 22:56:24.575
